2.329670424461365
1.7982811522483826
1.471601310968399
1.3136090075969695
1.171977306008339
1.1807361263036729
1.1966224467754365
1.026148408651352
1.0351675575971604
0.9960768115520477
0.9631081950664521
0.9556767863035202
0.9183813810348511
0.9637902367115021
0.9007876041531563
0.8801536035537719
0.9333157956600189
0.8865045633912086
0.8740309765934944
0.8446136093139649
0.8345903989672661
0.8213031616806984
0.8150711831450462
0.8180628398060799
0.8143454176187516
0.7982065653800965
0.8199607586860657
0.7999217712879181
0.7744305199384689
0.7895973262190819
0.7812252557277679
0.7814273944497109
0.8196810978651047
0.8087024110555648
0.766125359237194
0.789451214671135
0.7906260672211647
0.7964280119538307
0.7880620923638344
0.7729112806916237
0.7685877546668053
0.7677903431653976
0.7551690372824669
0.7177911376953126
0.7230785003304482
0.7325944885611534
0.7435045646131039
0.7152864426374436
0.7414681795239448
0.7249833336472511
0.7467726200819016
0.7648385107517243
0.7203554329276085
0.7096794772148133
0.724609834253788
0.7183103394508362
0.7410764482617378
0.7353016410768032
0.7045597451925277
0.7210606101155281
0.7122431133687496
0.7052130806446075
0.6989242172241211
0.7032501873373985
0.7107323690503836
0.7032224050164223
0.6961860685050487
0.7010092604160308
0.6981450486183166
0.6969719517230988
0.7051542055606842
0.6872533488273621
0.6957875390350818
0.6884614241123199
0.7331057733297348
0.7113197028636933
0.7024753765016795
0.7018019530177116
0.6902629052102566
0.6983092983812094
0.6909922510385513
0.7019116835296154
0.6976319727301598
0.6806528975069522
0.7041688610613346
0.6721298046410084
0.6975335963070393
0.696337157189846
0.6895173157751561
0.7075291539728642
0.676042378693819
0.6927561636269093
0.678010705113411
0.7128813914954663
0.6971354535222054
0.6766250421106815
0.689607984945178
0.6745455249398947
0.6861750645935536
0.6871855366230011
0.6741281019896269
0.6873554851859808
0.6804749228060245
0.6885038687288761
0.6795034596323967
0.6762022164463997
0.6738179424405097
0.6920920877158642
0.6891478735953569
0.6677819799631834
0.6939746344834566
0.6919375421106815
0.6735158763825894
0.680102237612009
0.6808596210181713
0.6717869986593723
0.6722365151345729
0.6857156210392713
0.6873553293943405
0.6798456725478172
0.6646449171751737
0.654291652366519
0.6638233654946089
0.679130547195673
0.662580396682024
0.673441721573472
0.6687281564623118
0.6597290422022343
0.6594806183129549
0.6711786989867687
0.6719473740458488
0.6661057237535715
0.6982965075224637
0.6673468582332134
0.6696389635652303
0.6697469563782215
0.6688155028223991
0.6651514926552773
0.6722972949594259
0.6507972110062837
0.6677330575883389
0.6619407868385315
0.6706073128804565
0.6610456588864326
0.6730190286040306
0.6701674144715071
0.6598017673194408
0.6723984126746655
0.6649561588466167
0.6636023877561092
0.66995585039258
0.6596241065114736
0.6628717016428709
0.661437788233161
0.6620907773077488
0.6681923858821393
0.6813528893887997
0.669995543435216
0.6712141539156437
0.6609217388927937
0.6583958288282156
0.6561789912730456
0.6641066056489945
0.6533846168220043
0.6630811596661806
0.6675887130200863
0.6621097041666508
0.6550857838988304
0.6563188066333532
0.6604500255733728
0.6687528994679451
0.6571651760488748
0.6577566159516572
0.6460620222985745
0.6680832403898239
0.6550683983415365
0.6552806578576564
0.6545596767961979
0.6611858239024877
0.647591027021408
0.6674685938656331
0.6508486043661833
0.6480597774684429
0.6515472936630249
0.6553143014013767
0.6500488385558129
0.650770270973444
0.6467839756608009
0.6506974945962429
0.6467889532446861
0.649005868807435
0.6485618697106839
0.6489035809040069
0.65217284925282
0.6478012759983539
0.6519479688256979
0.6528680215775967
0.6542867290973663
0.6428930661827326
0.6491635802388191
0.6456103666871786
0.6515259103477001
0.6540730342268943
0.653914377912879
0.648982020765543
0.6489766055345535
0.6563164938241244
0.6525893825292587
0.6524614857137203
0.6514683392643928
0.6604744017124176
0.6533517233282328
0.6589476684480906
0.6502600256353617
0.6491931884735823
0.649651697203517
0.6524146138131619
0.6488843110948801
0.6524827850610018
0.651985087543726
0.6519262433052063
0.6532861184328794
0.6534247411042452
0.6526191212981939
0.6489287630468606
0.6481824733316899
0.6520476172864437
0.647866543084383
0.6485678258538247
0.6490760952234268
0.6481933736801148
0.6487340572476387
0.6495801350474357
0.6534590341150761
0.649982591792941
0.6571673571318388
0.649254385381937
0.652214786335826
0.6575550185143948
0.6514813755452633
0.6495320944488049
0.6556452597677708
0.6561806360632181
0.6532519414275885
0.650621357485652
0.649931938201189
0.6505747872591019
0.6499542020261287
0.6538559633493424
0.6494875985383988
